SM:2023-05-29T08:40:08.7178475Z
LM:2023-05-29T09:02:17.4162803Z
CT:image/jpeg
MA:2592000
CL:237785
