SM:2023-05-29T08:29:52.2171176Z
LM:2023-05-29T08:32:28.9256936Z
CT:image/jpeg
MA:2592000
CL:391920
