SM:2023-05-18T04:16:54.8022010Z
LM:2023-05-18T04:16:54.9961245Z
CT:image/jpeg
MA:2592000
CL:65570
