SM:2023-05-29T08:24:19.1692117Z
LM:2023-05-29T08:24:19.9012601Z
CT:image/jpeg
MA:2592000
CL:83606
