SM:2023-05-29T08:30:46.2952623Z
LM:2023-05-29T08:32:28.7983329Z
CT:image/jpeg
MA:2592000
CL:272629
