SM:2023-05-29T08:30:46.3268726Z
LM:2023-05-29T08:58:21.9827919Z
CT:image/jpeg
MA:2592000
CL:319483
