SM:2023-05-16T05:42:43.5288295Z
LM:2023-05-18T08:04:02.9303223Z
CT:image/jpeg
MA:2592000
CL:60785
