SM:2023-05-18T03:13:52.3255365Z
LM:2023-05-18T03:21:16.2891515Z
CT:image/jpeg
MA:2592000
CL:329859
