SM:2023-05-05T10:19:41.3404652Z
LM:2023-05-18T08:04:03.2796113Z
CT:image/jpeg
MA:2592000
CL:700509
