SM:2023-05-18T06:35:40.3262039Z
LM:2023-05-18T06:35:40.6646565Z
CT:image/jpeg
MA:2592000
CL:39375
