SM:2023-05-18T06:35:40.3252015Z
LM:2023-05-18T08:04:02.8167614Z
CT:image/jpeg
MA:2592000
CL:129092
