SM:2023-05-29T08:40:08.7178475Z
LM:2023-05-29T08:40:13.9382405Z
CT:image/jpeg
MA:2592000
CL:46047
