SM:2023-05-29T08:40:08.7866129Z
LM:2023-05-29T08:42:42.8469505Z
CT:image/jpeg
MA:2592000
CL:161893
