SM:2023-05-29T08:40:08.7248530Z
LM:2023-05-29T08:40:13.9307885Z
CT:image/jpeg
MA:2592000
CL:37743
