SM:2023-05-18T04:16:54.7871403Z
LM:2023-05-19T04:44:05.0988680Z
CT:image/jpeg
MA:2592000
CL:188748
