SM:2023-05-16T05:42:43.5288295Z
LM:2023-05-16T05:44:34.0379537Z
CT:image/jpeg
MA:2592000
CL:87808
