SM:2023-05-18T06:35:40.3292233Z
LM:2023-05-18T06:35:40.8327511Z
CT:image/jpeg
MA:2592000
CL:67716
