SM:2023-05-16T06:19:57.0779735Z
LM:2023-05-16T06:34:44.2355357Z
CT:image/jpeg
MA:2592000
CL:509996
