SM:2023-05-29T08:24:19.1350653Z
LM:2023-05-29T08:24:19.9012455Z
CT:image/jpeg
MA:2592000
CL:93023
