SM:2023-05-09T09:03:28.7692438Z
LM:2023-05-22T05:01:23.7029379Z
CT:image/jpeg
MA:2592000
CL:1153742
