SM:2023-05-29T08:40:08.7086037Z
LM:2023-05-29T08:45:32.2828399Z
CT:image/jpeg
MA:2592000
CL:116160
