SM:2023-05-29T08:40:08.7248530Z
LM:2023-05-29T08:57:03.3059835Z
CT:image/jpeg
MA:2592000
CL:181242
