SM:2023-05-29T08:30:01.3511189Z
LM:2023-05-29T08:32:28.8116329Z
CT:image/jpeg
MA:2592000
CL:401305
