SM:2023-05-18T06:35:40.3262039Z
LM:2023-05-18T08:04:02.8011659Z
CT:image/jpeg
MA:2592000
CL:121300
