SM:2023-05-18T06:35:40.3252015Z
LM:2023-05-18T07:41:50.0805027Z
CT:image/jpeg
MA:2592000
CL:215646
