SM:2023-05-16T06:19:57.0764588Z
LM:2023-05-16T06:34:44.2316286Z
CT:image/jpeg
MA:2592000
CL:423104
