SM:2023-05-29T08:30:06.5036246Z
LM:2023-05-29T08:32:28.7983457Z
CT:image/jpeg
MA:2592000
CL:327003
