SM:2023-05-29T08:30:46.3348842Z
LM:2023-05-29T08:34:16.9670623Z
CT:image/jpeg
MA:2592000
CL:318418
