SM:2023-05-17T06:59:24.5761796Z
LM:2023-05-17T06:59:25.2698014Z
CT:image/jpeg
MA:2592000
CL:55215
