SM:2023-05-29T08:40:08.7866129Z
LM:2023-05-29T08:40:13.9589766Z
CT:image/jpeg
MA:2592000
CL:46125
