SM:2023-05-29T08:40:08.7086037Z
LM:2023-05-29T08:40:13.9430596Z
CT:image/jpeg
MA:2592000
CL:37154
