SM:2023-05-29T08:40:08.7178475Z
LM:2023-05-29T08:49:48.1388296Z
CT:image/jpeg
MA:2592000
CL:141856
