SM:2023-05-29T08:40:08.7248530Z
LM:2023-05-29T08:53:21.0313944Z
CT:image/jpeg
MA:2592000
CL:157490
