SM:2023-05-18T06:35:40.3277154Z
LM:2023-05-18T06:35:40.6737011Z
CT:image/jpeg
MA:2592000
CL:54488
