SM:2023-05-29T09:52:42.5474894Z
LM:2023-05-29T09:52:43.3577806Z
CT:image/jpeg
MA:2592000
CL:63736
