SM:2023-05-17T06:59:24.5761796Z
LM:2023-05-18T08:03:55.5714480Z
CT:image/jpeg
MA:2592000
CL:227521
