SM:2023-05-16T05:42:43.5288295Z
LM:2023-05-18T06:38:04.0296399Z
CT:image/jpeg
MA:2592000
CL:15677
