SM:2023-05-29T08:40:08.7178475Z
LM:2023-05-29T09:01:32.1028774Z
CT:image/jpeg
MA:2592000
CL:146599
