SM:2023-05-29T09:52:42.5464829Z
LM:2023-05-29T09:52:43.3590771Z
CT:image/jpeg
MA:2592000
CL:70476
