SM:2023-05-29T09:52:42.5070079Z
LM:2023-05-29T09:52:43.3596002Z
CT:image/jpeg
MA:2592000
CL:59923
