SM:2023-05-18T03:13:52.3255365Z
LM:2023-05-18T03:13:53.3698309Z
CT:image/jpeg
MA:2592000
CL:70134
