SM:2023-05-18T04:16:54.8022010Z
LM:2023-05-19T04:44:05.1402437Z
CT:image/jpeg
MA:2592000
CL:207249
