SM:2023-05-29T08:24:19.1707262Z
LM:2023-05-29T08:24:19.9012541Z
CT:image/jpeg
MA:2592000
CL:90575
