SM:2023-05-29T09:52:42.5176142Z
LM:2023-05-29T09:52:43.3643433Z
CT:image/jpeg
MA:2592000
CL:104101
