SM:2023-05-18T06:35:40.3262039Z
LM:2023-05-18T08:04:02.8624334Z
CT:image/jpeg
MA:2592000
CL:113724
