SM:2023-05-16T06:19:57.0779735Z
LM:2023-05-18T08:04:03.2801511Z
CT:image/jpeg
MA:2592000
CL:562883
