SM:2023-05-18T04:16:54.7871403Z
LM:2023-05-18T04:16:54.9129419Z
CT:image/jpeg
MA:2592000
CL:60951
