SM:2023-05-29T08:40:08.7866129Z
LM:2023-05-29T08:42:48.8454949Z
CT:image/jpeg
MA:2592000
CL:260762
