SM:2023-05-29T08:30:46.3627045Z
LM:2023-05-29T08:33:41.5860506Z
CT:image/jpeg
MA:2592000
CL:242661
