SM:2023-05-29T08:30:46.3348842Z
LM:2023-05-29T09:02:17.4207257Z
CT:image/jpeg
MA:2592000
CL:401028
