SM:2023-05-18T04:16:54.7946705Z
LM:2023-05-18T04:16:55.0314670Z
CT:image/jpeg
MA:2592000
CL:46125
