SM:2023-05-29T08:40:08.6654349Z
LM:2023-05-29T08:41:13.6647316Z
CT:image/jpeg
MA:2592000
CL:168996
