SM:2023-05-05T10:19:41.3329197Z
LM:2023-05-18T08:04:02.9276806Z
CT:image/jpeg
MA:2592000
CL:125538
