SM:2023-05-29T08:30:46.3424121Z
LM:2023-05-29T08:32:28.8089007Z
CT:image/jpeg
MA:2592000
CL:298398
