SM:2023-05-29T08:30:46.3127002Z
LM:2023-05-29T08:32:28.8384127Z
CT:image/jpeg
MA:2592000
CL:314104
