SM:2023-05-18T06:35:40.3292233Z
LM:2023-05-18T08:04:02.7295799Z
CT:image/jpeg
MA:2592000
CL:274776
