SM:2023-05-18T06:35:40.3292233Z
LM:2023-05-18T07:15:25.2139296Z
CT:image/jpeg
MA:2592000
CL:385373
