SM:2023-05-29T08:40:08.6654349Z
LM:2023-05-29T08:40:13.8116285Z
CT:image/jpeg
MA:2592000
CL:33032
