SM:2023-05-09T09:04:05.3727856Z
LM:2023-05-19T04:44:04.5927429Z
CT:image/jpeg
MA:2592000
CL:315847
