SM:2023-05-18T04:16:54.7765755Z
LM:2023-05-19T04:44:04.8480482Z
CT:image/jpeg
MA:2592000
CL:103078
