SM:2023-05-29T08:40:08.7086037Z
LM:2023-05-29T08:46:22.6741358Z
CT:image/jpeg
MA:2592000
CL:193395
