SM:2023-05-29T08:30:12.4954326Z
LM:2023-05-29T08:32:28.7983301Z
CT:image/jpeg
MA:2592000
CL:301574
