SM:2023-05-29T08:30:46.3268726Z
LM:2023-05-29T08:33:59.7688010Z
CT:image/jpeg
MA:2592000
CL:257718
