SM:2023-05-29T09:52:42.5454511Z
LM:2023-05-29T09:52:43.3599913Z
CT:image/jpeg
MA:2592000
CL:74695
