SM:2023-05-18T06:35:40.3277154Z
LM:2023-05-18T06:35:40.9572414Z
CT:image/jpeg
MA:2592000
CL:86424
