SM:2023-05-16T06:19:57.0764588Z
LM:2023-05-18T08:04:02.7580989Z
CT:image/jpeg
MA:2592000
CL:464977
