SM:2023-05-16T05:42:43.5288295Z
LM:2023-05-22T05:00:57.3059480Z
CT:image/jpeg
MA:2592000
CL:15677
