SM:2023-05-18T03:13:52.3255365Z
LM:2023-05-19T04:44:05.4447981Z
CT:image/jpeg
MA:2592000
CL:781938
