SM:2023-05-09T09:03:28.7662424Z
LM:2023-05-22T05:01:23.6023804Z
CT:image/jpeg
MA:2592000
CL:882823
